1002.38416
1003.38904
1004.38361
1005.38531
1024.35754
1040.34363
1046.37048
1056.31836
1066.16724
1082.11426
1172.39490
1173.39014
1194.53406
1216.62341
1222.56812
1223.56726
1266.74646
1392.56836
1393.59509
1467.87097
1528.76831
1625.99963
1626.99731
1628.00513
1666.90662
1667.92822
1668.95105
1669.97314
1682.89172
1683.89465
1684.90259
1685.90833
1686.91211
1687.91626
1688.91345
1689.91199
1690.90991
1698.89600
1699.88623
1700.89832
1701.90100
1702.90369
1703.90747
1706.88379
1707.89099
1708.88306
1716.87988
1717.89917
1718.90881
1722.85803
1723.85864
1724.85474
1730.89343
1738.81885
1761.83325
1874.17822
1875.50867
1876.90649
1879.00500
1880.03027
1890.10498
1892.92200
1893.92639
1894.95044
1915.95044
1917.04785
1918.05444
1919.05408
1920.07007
1921.06860
1922.09839
1923.11133
1936.06592
1937.06116
1938.08228
1939.08472
1940.08569
1941.08557
1942.09167
1943.09741
1944.09509
1953.06433
1954.07959
1955.07947
1956.07727
1957.08020
1958.08618
1960.06873
1961.06628
1970.07263
1971.07471
1972.08179
1976.03101
1977.04663
2013.13989
2024.13782
2139.09668
2140.09595
2167.10425
2224.11060
2327.18091
2348.24146
2349.24243
2350.24512
2351.25439
2364.26196
2564.30347
2565.30737
2727.38330
2813.50415
2815.51538
2923.51416
2924.53491
2925.52319
2926.50952
2940.53491
2941.53687
2942.53784
2943.53906
2944.53955
2945.54663
2963.51880
3171.79639
3381.85938
3398.79053
3399.78003
3400.78076
3401.78809
3402.78418
3403.80713
